20
[17, 5]
19
[17, 4]
18
[17, 3]
17
[17, 2]
16
[17, 1]
15
[17, 0]
23
[16, 5]
22
[16, 4]
21
[16, 3]
14
[16, 2]
13
[16, 1]
12
[16, 0]
24
[15, 5]
25
[15, 4]
26
[15, 3]
9
[15, 2]
10
[15, 1]
11
[15, 0]
33
[14, 5]
30
[14, 4]
27
[14, 3]
8
[14, 2]
5
[14, 1]
2
[14, 0]
34
[13, 5]
31
[13, 4]
28
[13, 3]
7
[13, 2]
4
[13, 1]
1
[13, 0]
35
[12, 5]
32
[12, 4]
29
[12, 3]
6
[12, 2]
3
[12, 1]
0
[12, 0]
56
[11, 5]
55
[11, 4]
54
[11, 3]
53
[11, 2]
52
[11, 1]
51
[11, 0]
59
[10, 5]
58
[10, 4]
57
[10, 3]
50
[10, 2]
49
[10, 1]
48
[10, 0]
60
[9, 5]
61
[9, 4]
62
[9, 3]
45
[9, 2]
46
[9, 1]
47
[9, 0]
71
[8, 5]
66
[8, 4]
63
[8, 3]
44
[8, 2]
41
[8, 1]
36
[8, 0]
70
[7, 5]
67
[7, 4]
64
[7, 3]
43
[7, 2]
40
[7, 1]
37
[7, 0]
69
[6, 5]
68
[6, 4]
65
[6, 3]
42
[6, 2]
39
[6, 1]
38
[6, 0]
92
[5, 5]
91
[5, 4]
90
[5, 3]
89
[5, 2]
88
[5, 1]
87
[5, 0]
95
[4, 5]
94
[4, 4]
93
[4, 3]
86
[4, 2]
85
[4, 1]
84
[4, 0]
96
[3, 5]
97
[3, 4]
98
[3, 3]
81
[3, 2]
82
[3, 1]
83
[3, 0]
107
[2, 5]
102
[2, 4]
99
[2, 3]
80
[2, 2]
77
[2, 1]
72
[2, 0]
106
[1, 5]
103
[1, 4]
100
[1, 3]
79
[1, 2]
76
[1, 1]
73
[1, 0]
105
[0, 5]
104
[0, 4]
101
[0, 3]
78
[0, 2]
75
[0, 1]
74
[0, 0]
